8.800498780175309 3.0883657770072888
9.325030867613064 6.500163045222093
9.753225298495408 4.148346196062467
19.13020906858788 7.003232579391094
42.60776906288656 3.529619604732613
45.58083429703444 2.9430937622184965
46.10122041957228 5.999701352711905
51.163746904703075 5.746732495367455
60.24940487851897 2.5409242159073324
81.15671892975337 7.76520100195429
83.95428805943746 1.6262965625800165
84.82599436308226 3.739289447980167
88.94430434579243 5.951788639393029
91.71984851498499 7.127157142351053
107.45798737245102 2.158118518035904
109.72901863482396 4.54134773882914
110.8132426683206 7.289566373079842
119.0894934714696 1.356483298454536
129.21741516495882 2.9412906001839096
132.5594033035708 5.817238100655034
133.638381509898 3.806780196104424
137.87819479208193 4.762267278577736
160.15865583369404 5.141475849329415
167.4560181679423 4.520445732738841
177.54496608113172 3.707337342529697
188.4739612874742 5.433464129172886
199.13650500823425 3.1219244717819423
211.5227849915236 6.311917117075523
219.6823999985895 4.5063382873184885
223.74469751676827 6.439904911986581
225.52346012297434 8.33343938082409
228.09147052476683 3.5886474817430836
229.43744204527593 0.5959474621147844
239.3565700903144 4.49239094390941
239.48522446773455 6.791153288275926
247.6854930395428 2.3219571914163883
255.8819697016323 2.752429951711907
270.1560217884817 2.788110699923098
270.25343441313896 3.6775931620470983
271.91731276287953 4.536882507520695
273.6599713503728 4.634974403528635
293.1151928960312 4.004371682137096
295.2516345818579 2.087598226508399
311.56375000953955 2.260460604983912
314.6206679751729 1.0802134367669833
315.46950005468136 1.3835378660971849
332.783066732054 7.116167082638965
355.40545689918366 3.5232805670810117
356.89068671324407 3.446869017684536
359.1690463334 3.6366055845780614
362.81869503631293 3.0438544173079536
363.0797098921514 8.672306090907314
363.35008884189364 3.7384473776402736
366.28718813995744 4.868868712558997
366.85592005805364 4.143612392076853
373.3196150041242 6.1482374640120225
380.0392552387128 4.848969378751761
387.999054401932 4.339615980060317
402.06671310687335 4.917443875493063
405.8988928541169 3.140393212179997
417.7478606070222 10.367259141515845
418.1891119148048 4.448431180183647
418.34347923021414 0.9494210204449156
419.97587485945513 3.5239542599439053
429.2133374468847 1.510056012155932
433.11522202065794 0.665424776957021
452.4736043420645 2.6224585036188
452.9697987422388 4.155423216877388
458.00999650401957 3.0031742199201092
463.1522351495161 2.8154460564707797
484.7046171878151 1.7601988947224876
488.552589980524 8.459069808482557
488.93550889345596 0.850068420655832
491.74937103106834 3.160308177402607
499.50172980828444 6.051713720787359
499.9246042798402 4.5492511026073865
500.64405071637935 7.3252134020822774
504.4276381134802 4.566474055964853
511.0072939284934 5.277003747538489
512.7233548978653 2.3213635666193144
522.2624427146396 6.889325771981349
526.3912634274818 5.8486979607268
527.7728482279537 3.5520340847910727
531.4859648736556 4.5961951544361535
531.7658434375679 2.0790233740687323
532.662953056875 4.593343536873551
534.5250610929185 4.881426043081636
537.9974801762252 4.255299440411797
541.329508302905 5.51541553202398
549.8602196289675 8.553924610179049
551.1098264543646 6.174801519437971
556.4925329225649 3.738300926769743
557.2450629901298 2.285360393528181
563.9650815510394 4.976221951339229
565.2050825552735 6.875257437089748
570.3041700079509 7.157358852662118
570.6120586313368 3.9754805335252237
574.2849186264285 0.24225606583309078
575.580098995848 5.9761705556593245
584.467249223406 2.8173868960300776
585.0510828446634 5.723418363715497
594.888991966107 2.433480601559814
595.6197545342452 5.865171595321967
620.5408712892937 4.046866125411992
625.39814453908 3.6117928832931425
632.1223861984665 3.641626732601394
634.5830172961241 5.569185220854313
638.4702109949167 4.584885035237709
640.8070570219498 5.0644175972513406
642.8967877669133 2.7314162300344895
644.4355096880754 3.5019761166760186
654.7191163520431 3.2673638602085684
655.1594185976793 1.27944965699081
661.630312660873 2.960640031520996
665.6946972278761 4.790460967907723
671.4604923024211 6.019670485096658
672.877247896545 4.756670951206516
682.0282364428487 5.6258921300192135
686.0682228391958 4.072554308376314
689.690640207958 2.6706314575732044
703.0967377259701 5.516600929171357
704.2893065675395 3.1550404760116404
708.029670942265 4.5810023070651535
712.3727279961711 5.6014878045004854
717.5956084106081 5.416799962810108
734.6304523005625 1.213495755077664
736.948277301237 1.654596473951616
749.8386451131536 6.100062017162138
752.2999902121193 5.706113051570462
757.6686653380062 6.604191482957036
760.599997464417 3.2927962090990857
761.3859196234135 5.314348360253383
763.2057841987678 4.531541822106762
766.3403004141616 6.409907495137378
769.0744189055753 5.5360643230429405
773.6741358927375 1.3121001618269794
777.0465874427591 3.710584769188715
781.7741581126937 5.081340558883849
786.4916318141399 6.155701342212256
787.1790092178296 3.4442646871231424
793.0800875010669 1.8793209086281932
793.8097807224125 5.565950620898394
803.984492969793 8.330613323497714
809.2416098270982 2.740799155901902
817.9164472961512 6.076791427311301
835.7355593032463 7.079220304937028
836.0464587224686 5.870716292916017
844.8405965746091 3.6525015899556377
848.7103572415176 2.790561773127685
850.5466924172825 4.21046794814723
851.8476489944269 1.1917408331874668
857.6639048003759 4.046306337899635
860.0186223473041 8.193167856815835
860.4382417633715 4.212391975690115
867.6907682680901 4.643440825385812
872.8277459062583 2.837767844189868
877.8273507030035 9.42311996492525
883.343662340466 1.6754288988847414
884.2914754835183 4.7228843709639285
885.9659815984406 3.6913989694004985
886.639697391967 5.789997085758998
889.4183037162317 4.90253151601589
892.7669742556974 8.327194181372917
908.4182799331101 1.9237921823180428
908.4354054037265 9.855193473745668
912.2473770925278 2.9351320973907358
913.1944502161854 1.1642866850041067
915.5952540915122 5.166534808712552
927.9834182039211 3.565686311733425
932.7613085986721 2.927455236935942
934.0535210255739 6.57542968715778
934.6742322543346 3.804363978454909
938.1870689593355 1.4262048552181326
938.59499835917 4.355264666508732
963.6259646481467 4.519967517033709
964.8173768903912 7.740280243921887
987.94772762325 3.8907253685026317
1017.4434085486438 6.22721307409941
1019.1672283319685 4.863550615030019
1032.8417855385005 1.5135936418992264
1034.7660635953948 6.697389392278104
1057.275244696774 2.8966201429180436
1060.9817130912056 2.5647277534398647
1061.5655618406415 8.54428808300305
1067.6436394000968 4.668896074479548
1069.860889822711 1.764507501494091
1070.979307489819 5.719233998156222
1076.0958215607347 10.354006695727955
1078.8411668922656 2.175566422410456
1079.9847641326644 7.1556810357421865
1081.5743512326403 3.148347845911827
1082.8663585198933 3.634388174415983
1116.9865867874958 7.3771955709124555
1119.7065031879454 3.263288709717796
1121.5651859935447 8.433335223554955
1129.6799714344022 1.5924426735745711
1136.6010182726395 1.8916365144233367
1137.911585549522 6.696205150143539
1137.963293789823 3.8260320627310485
1140.0047662961417 5.012790318802772
1151.833948483499 2.5628628426257163
1152.2630114185727 2.2905580175865117
1165.3993331189195 7.719754091417434
1171.0725945312404 6.075777119667867
1175.851549137647 8.523086450952439
1179.791444167804 4.095880581471553
1192.232516600676 2.539435712830705
1199.225460968454 3.1453446175134725
1201.234973774784 1.7729205004991806
1205.9456396077476 1.3945678028103219
1227.6831509280996 1.5229245750189728
1228.1596118151415 2.890698363728014
1236.4648874083716 6.974677657072246
1250.1342217211657 3.4159733110364545
1260.3919758032305 1.4504837447867125
1260.8657906379574 5.029867986455809
1268.455792797955 1.9883295280099
1268.5408505227051 0.9870467462577371
1269.1282752213037 3.606603818711445
1272.9142442053837 1.2723902718454336
1276.0023683205259 3.3251460077587587
1278.3626195411655 2.7695402940446394
1278.9555297964953 4.326557086285667
1287.3135736910565 2.161079507499993
1291.183759501804 1.117305185953548
1293.632214584031 3.7494622302638176
1296.1272776915584 6.59305744708947
1297.6228858181441 4.935898076745871
1300.3493815377303 4.2763189716442795
1305.0193288092155 1.2294384618932952
1326.151361952598 4.289052749467813
1329.2070606849754 2.389259014851858
1334.7233895482 5.892180009456438
1336.5355516214902 10.793153706604118
1342.8910448679142 3.108295852316415
1348.5472227396324 5.601892344039671
1355.8477039535117 3.7016666637715394
1364.3096030807326 6.18260633748873
1374.3698052505538 1.8440143452906619
1377.7352189462092 2.452370906942914
1390.5630757013957 5.442841380151578
1391.1795817039138 6.711893392321331
1398.455795073133 7.961645201862348
1401.0145719780644 6.109402981289719
1406.1590334196135 3.8641488931627332
1413.9186116333756 5.6380715331461255
1416.137649400159 2.757217150652716
1416.4639673977426 4.800012315029928
1423.3988907074795 3.0019461144098916
1440.3224180380628 4.49362293649465
1444.6969737056927 1.666954086573262
1461.6226949848642 4.2825300843376555
1473.242430206076 3.4788967414949363
1478.4300720683505 4.2437948405926305
1481.1970258608496 3.2633986566045414
1482.5772757333523 5.196030089586265
1483.93397823827 6.088419669376831
1487.9873652047208 5.763249930297123
1490.2895426467578 2.28570374090273
1496.127855881757 7.622183131727177
1498.3994636019545 4.4885366492352
1499.4966548730558 5.405021227963391
1511.959526882065 6.371676534352166
1512.7831570502287 2.7974760440837882
1516.8193377377515 3.9831509885649377
1520.1352832800142 2.0795308933078047
1525.3869295223715 5.204078919227253
1531.4216051147043 1.7592919815229615
1532.6513499324462 2.0509707866213143
1533.990665329903 5.742338774533772
1553.269265808204 3.8054898503242067
1554.2182109757248 4.620905501035978
1557.906801349846 5.267259475369517
1561.8853481137678 2.1389307344888007
1565.3047180777337 1.3857859255581917
1572.646998089552 3.735936601789561
1582.8233704685629 6.990289207303034
1592.0844015901787 4.591902514189684
1613.2681326162276 5.680206373822744
1616.0009225838173 3.224097185693779
1617.854272602818 2.7488393256757755
1620.08553933167 3.670302467744642
1630.071376761096 3.335400558817464
1644.7389171327836 1.666676962312089
1655.9219444020418 3.2813535792854442
1659.960711653881 2.272347124204257
1664.062925486569 3.2044197636907024
1672.0129576392915 3.33616375394539
1672.0319319918171 5.483728252009299
1673.8594524808052 4.495201716781726
1674.3769920347547 2.9901738956220627
1684.4411090038438 0.9816209316023191
1686.4411667760178 6.7443111500792865
1689.8460281883558 5.1292370921923585
1690.312131711226 2.482256751847421
1711.8283600800507 3.61647536940135
1718.1602582115504 1.4040456387044893
1721.8776635795284 4.2260805919920905
1722.7067051906624 4.2070621674853825
1728.1920848348573 1.7472381976161016
1730.90051302686 6.967901025119833
1731.2512912810726 3.066917228298006
1741.496662973815 6.6528796468076346
1745.978171780399 7.566363571842653
1748.7654976302474 2.2580891062418704
1749.2051813794033 3.328371647844912
1753.5681244672312 1.5561105816098582
1753.7075974773138 3.26553612400283
1755.822125469106 3.5703180441708735
1759.199340368046 3.6067586230810353
1761.193084749904 2.8257123697185333
1763.5820129358592 4.069598175074203
1766.8942518165836 2.1721020239751923
1772.0909289380388 3.0883900434745453
1773.261385307493 3.386236582629808
1778.3254707932922 6.500709772252966
1778.4235095125414 5.0746228114028975
1782.4002918389838 8.161379629653446
1790.7300665540406 1.4823257080058971
1792.9600858594715 3.6105210131552727
1806.5485061523234 3.2624251561254636
1814.9949215391644 3.1763207686061623
1815.7496823108465 7.745033218950931
1819.2111067319822 6.968227355529388
1820.389826826609 8.191468850482517
1822.4314224335096 2.6184831226256557
1831.2839081480809 5.991316935434438
1833.7335092826117 6.641135192959199
1838.6948635451447 3.487743225187134
1840.1586262630253 3.2391533330152944
1842.5278866493027 1.1190201652893352
1844.5070093697507 1.550528081539711
1863.888675191522 2.4297537738944377
1865.9370099555929 4.312420873049619
1873.3787687052231 3.5323930530458956
1873.6100315761425 3.129361796702932
1874.0959337087872 5.824247099939083
1887.2649769317782 6.879572600125522
1894.5754751291547 3.7727062325592757
1898.191854726054 3.660821799098545
1906.7315831447177 0.8504546619925919
1907.0177540942097 7.7039485051565935
1918.238159001943 7.459366204013178
1933.4265494842496 4.684403169865837
1936.5126101826088 3.5675921650236613
1940.5934291465592 3.0972946363722977
1948.2341547135286 3.872819239230578
1963.1287377708945 2.4607399692570304
1964.944958832925 5.9252080789090655
1967.1936821915317 5.358171571564491
1976.5153715030374 3.207568922997239
1986.4176446678418 0.9304209710986622
1994.0143013979068 4.362263007722066
1994.1008618048895 3.4174698012096947
1998.222517703081 6.286006748698629
2011.5894563456343 0.6377525895003743
2016.2680823377611 5.2321446696074405
2025.2676315901524 2.5727537578299446
2031.3599427206877 3.885870694703594
2033.7476914008967 3.9149335484364336
2047.369863696429 6.660246051683805
2050.190515088576 6.969886992215465
2051.9718140778346 5.055788725261663
2054.241715429349 1.9988712681358944
2058.7866277665025 10.397662422364219
2070.6711910314825 5.145305349870804
2076.319384041771 6.582794235773438
2084.076654984772 2.3097967237283448
2084.1137342596635 0.20969099906
2086.8568727636853 5.727532077864524
2091.8830104791373 4.26075953917474
2098.009608778647 1.993782060053513
2107.210898542388 5.803927893649454
2110.7847661896853 3.4414252120922724
2127.193126567812 1.7341217221044136
2130.104197630637 2.8881218177556987
2156.5022257341675 6.235160918499344
2156.722357402097 5.5103201301227065
2159.261014486103 5.942634892976343
2160.71766567493 3.5112049844606874
2161.6356663277643 4.741307794869902
2163.568625970193 3.2533144782177157
2168.783710449439 1.9939195812073485
2170.6777698730953 3.628678062159383
2180.755128810898 6.179061774956185
2205.299029317286 2.8330594030105907
2218.3734105872995 4.232260558248828
2233.077276719804 3.016075224449189
2241.274765432338 3.3344616506331857
2245.517429797564 7.374988340460758
2264.200265987459 2.344797616171786
2278.6020277057332 2.5922364711363324
2283.8170006543946 6.386013435068579
2292.4907572588963 7.17182834752445
2295.76579309345 2.740331119545955
2299.1960589619976 3.608519329090364
2305.0660715841827 3.976916313145899
2319.8886351008714 8.650828110230036
2319.97700393845 3.629696305902805
2322.3699757244917 5.842246802662272
2326.1999268693676 5.185988898597717
2326.3162540886146 0.526746404687259
2332.8768751429593 3.766551636890364
2354.6034981471557 2.8747060092220473
2354.617310006882 1.0569760461323874
2354.964797420543 5.620879907983708
2356.843246901537 1.1972044741844785
2358.936253571416 6.443831513232203
2360.320178033342 2.246917496502748
2366.48459642112 3.4027564080963857
2369.105542388763 5.708718351854445
2385.708822788171 1.913877729436437
2394.641368972218 1.9964704482957696
2395.0425165405504 5.250900940410363
2398.9839993078435 7.159231566466389
2402.0788982920135 7.375578965064082
2402.7513464844237 10.085059070091887
2419.4064766386714 5.631353251850607
2429.2055970859938 4.972700072803569
2440.273819274294 0.4381553021019098
2447.3039585598276 4.953424969965134
2455.0986215047797 9.225059194742755
2456.057680649495 8.473252549778014
2470.0300983590323 3.4418107175748256
2472.3138324419574 5.378611705802785
2480.584899889126 4.890162350170922
2482.857135760207 10.002666381976885
2490.0735354560065 3.3423050427119176
2491.864345344008 1.5607090326151227
2518.4149091627946 1.8085385678434234
2519.7804949245924 1.0017021863992566
2522.17223780445 1.4149474929074641
2524.9575646593794 6.102659786502213
2525.5919348901502 4.499255226831741
2526.464604600269 0.9749435565000826
2528.253221181826 2.732749410962603
2530.386764262601 3.6604619075215483
2541.544949773547 1.889068765693276
2545.853273724957 2.348917087336252
2545.9039202031754 4.889652623526935
2547.736870565744 7.312309722612893
2547.8865263468974 6.920392134684657
2553.5561410677633 5.085347006519155
2558.096927746431 7.577976185873247
2562.1751802031195 3.719229028381649
2563.797625950893 4.448900292761091
2566.5570849304377 3.642064956766893
2573.069932354968 0.9829820520036309
2590.8692368977354 4.252851459275253
2601.6827054966006 5.270144314355215
2603.161896753679 2.8498074361850896
2605.0665015600516 11.314954240726669
2632.325569663679 2.0516924793542985
2633.4943839030643 0.6459521592297637
2653.9997798542972 4.513394905645567
2654.1932983099523 2.7543738920342338
2660.61881300489 5.032621489778847
2661.742438497887 3.128788432997796
2663.732515094763 3.4860693486080843
2666.621130288575 1.6890725799452821
2672.5766290168635 6.811525294989967
2676.9054754073245 6.9256026226122485
2685.6091691265538 7.363797762500399
2689.794528717134 2.670404577668809
2691.782138662383 2.4891881912312535
2697.894592119766 3.060610386732072
2702.7125131939097 4.035666349049301
2714.7095870838857 5.937019114858916
2729.897329165824 2.1566357095044992
2736.3330887298102 1.4402278688922847
2747.7922598457008 2.6924855702331354
2762.707759550353 4.727389963050771
2762.8881778587356 1.254991079767875
2763.5263491691735 4.308152963563125
2770.414999968658 0.9175438172479747
2770.9385201608507 1.973569188361712
2773.8281063938457 2.0337110255837234
2775.055900581242 5.280200466259045
2779.6117197933518 2.0442146632998406
2780.498804863515 3.7710345342832223
2785.9204464668323 4.398133263634069
2790.5479961592937 4.219594334198246
2808.2119975857986 1.6561208924402495
2813.757911077779 6.689245131139721
2816.598766864739 7.009650357464004
2818.885889407706 3.2184351049703
2819.1397106247023 0.922979475657969
2824.8865466728494 3.389010322571301
2827.2602720605187 1.3559136228673463
2831.237998649711 0.22553217754010618
2836.5390646355763 2.9290668230812473
2838.3620024899315 7.6973785309965645
2846.2423706556106 2.6430972392398067
2866.2582279815665 3.1141627420073106
2873.733176176132 2.0269230385688397
2884.56566484959 4.781615589861653
2894.601528442202 8.480478279999558
2899.1455735867607 4.589562799115113
2904.784734810855 5.363651435472811
2909.3589112809723 3.2196416076361407
2924.3379739056113 3.2859749304756085
2924.9064702958026 2.5537842172334138
2935.6016266082447 1.3573127256891717
2940.327180230535 2.874704409785052
2941.4140735297756 3.124894824376548
2944.4308248664342 5.281936428212305
2946.9645625002972 4.475295656359532
2961.7277580313953 6.355975270956547
2973.979781952503 1.9923638055927946
2974.8387642017615 5.7783484813348025
2976.2000985048508 4.0374288597992
2976.346127903685 4.56694488949076
2979.6380482660948 7.817709872819055
2980.0821271458613 3.8004338467761247
2985.6071787851724 3.8158260271857554
2988.0745358004824 3.308158404163753
2992.514421821735 4.931531514509184
2993.537663549689 4.331157608485729
2994.0715520378617 3.843441591844064
2994.6485614730714 1.3192642902816185
2994.9215666111418 2.9646629248629703
3001.976513787891 3.6511025317402463
3004.4912016056983 2.9657103721514595
3020.4165448277013 1.9339716611845892
3034.3226851552213 1.8321831989105357
3043.282364087358 1.5901919601696397
3043.6743189046692 4.90002811019721
3052.35904519079 7.4791164254281295
3059.685562847209 4.35604406190847
3070.3922721243794 3.984878755145084
3071.8659317072065 4.279982434549172
3083.719351809359 2.902040779493805
3089.7577261110073 2.618048033162273
3093.622066076761 5.705792594011914
3094.697024223996 4.599909422234448
3106.1671054111384 1.923855444096207
3117.967185702093 5.915244269758325
3123.801933557873 8.525498879497032
3128.1511709975025 4.670618385624385
3130.1742261699 5.1226151714667
3133.3735216852106 2.1436635770033536
3133.4989628457784 1.3280025096325954
3143.110002058663 5.719587732082023
3145.387875312368 5.83482489192913
3150.4567394666697 3.3237748726817102
3173.932354719096 3.3742360112945025
3178.4026313524782 3.8928869777700843
3185.287022573627 2.4722517090700884
3189.8167106877745 7.445741951477334
3191.0502726114464 3.51477083602175
3204.350461409527 3.2850662595386715
3209.107394411777 6.617813765587268
3210.0822111068396 2.751755892686813
3222.4693251710764 3.9384675952866184
3226.934650171958 2.607104311423463
3229.5506484524444 1.634876377050132
3251.7606563467075 6.773925239917266
3258.7148892427545 1.921295334506877
3264.2500887771353 4.157025673200984
3264.391261639083 4.588766072775406
3271.5065499840075 6.20886667539979
3276.461724896478 2.878964766782741
3283.0674631802794 4.096099040893325
3283.348765949981 1.5914111940249906
3285.6399001630602 2.3871385513819763
3287.171338227555 1.371647231243809
3292.961021450641 0.5238118730097201
3293.588250242922 8.240902030472219
3312.110543150282 3.5291955360231535
3313.811127016625 2.6752396717273705
3315.1584024565555 1.9637860245469088
3315.3438734586443 2.8258340491244316
3328.4538454700846 5.147685932219659
3348.5649616974924 4.51258799960325
3350.5038976774536 5.262271726388363
3357.0321686329444 6.670729527947899
3361.1461453731404 0.446728926714959
3362.5906908957027 5.503343185291312
3379.3137576031204 1.07711718446996
3386.666537302386 1.7121666392902641
3388.9392923326827 4.059663216381308
3394.8294017043704 2.593325852302836
3396.162149966856 9.280118322268393
3398.1648262417493 4.920701691797116
3401.0719509582605 7.17027138125559
3407.711907918848 4.883391007163617
3413.364942430162 5.002951561950888
3418.004896486846 2.2702081203919837
3420.2210490539874 0.5548612050489496
3426.858225472253 10.514157826067727
3435.017055263793 2.4231500045979026
3436.261085881902 7.731235349456693
3436.7636984302394 4.7546058186803535
3438.1848608587197 1.2672582295240409
3446.0316940228035 10.214749529004962
3449.010728152656 5.769501148288405
3456.7440402688817 2.8506853737277598
3461.1451131545755 4.06152282169749
3471.8649321002817 8.464885366745563
3474.074451966858 3.0096274235933893
3479.57219589551 7.2902710006038856
3487.4285995240107 4.762588372898991
3487.7713152284364 3.7319892669530756
3490.7505058103693 1.709699611156724
3495.7806476554088 2.827380582100246
3505.600341319047 4.182008782191522
3511.3420001779914 9.067065922281397
3519.046237141593 3.7448659476984845
3519.5216307076 7.866547867334339
3544.995241099725 5.026329692158754
3548.1430884402844 2.959322586547326
3548.168821771908 1.1675885061900537
3553.449956645482 2.870502873699804
3554.8609424488113 6.646503854220645
3555.5980569271032 2.403562940717716
3561.0341230866748 3.205920687683883
3565.1534409625106 3.731581171866937
3565.232802273532 2.243623791758583
3565.674583627537 4.668835786646918
3568.112551097187 6.244153265707417
3569.4680992419285 6.929473983282315
3579.0855868845774 3.7537237449911327
3580.9553855857394 2.4282718735151256
3584.063583263486 3.160620444647315
3592.7922059844386 2.434735983207778
3597.804355265258 3.276587451916805
3608.9005376551117 4.961487919705085
3609.04449835227 5.9741649733386994
3617.459508662436 4.381868863147771
3621.386793701052 4.329092944915095
3627.677809713426 2.623816155357637
3628.9756127140417 4.9286603405623755
3646.3883936486386 3.655650873527449
3646.513837620777 3.2070633709683958
3655.6800266535342 3.1194309570763408
3660.7792553420372 1.7416332578582432
3668.9081718105544 2.281776096598419
3669.6991205537374 4.955201262536156
3670.3757994658567 2.6812463707071976
3672.043651440956 6.821117717637709
3679.8404780372957 3.0371125977966957
3680.296737070033 8.693528802133997
3693.8236664675424 1.524723610900727
3698.3908926610516 2.1742736258306223
3715.257114144283 5.957466016610204
3726.2571942562454 3.3965677343947376
3727.022120600924 5.937443728469402
3729.2714729290033 4.060669210045121
3735.6016431234807 6.334394637748004
3755.064723258937 1.2390437276493125
3757.2099744328857 3.26286892216865
3762.1655852842405 2.90257883165757
3763.5382434109797 3.427397021382225
3786.112401668593 4.387891947454848
3790.7796477642655 6.24215647371567
3797.7516303717152 8.904037902025685
3798.8608477950065 4.440499380902988
3803.327800975865 3.405638963395655
3804.291267791839 2.767776520354552
3814.1925415772466 4.850067333142645
3816.739252959006 2.2418162993291886
3825.2804441706658 8.49060783098967
3830.1469838031635 5.362258711652728
3831.5034124984277 5.233365322240346
3839.7901612944233 2.6430366356878405
3841.0626163288725 4.8631018869837295
3845.7380429654067 2.5840412658591774
3849.9579934023914 2.0490867208104167
3860.8070562107478 4.9928867036314895
3860.8145274898816 5.729910516356397
3862.9401785795144 10.282369525209289
3863.121548103207 0.6723687303797669
3870.3424829885384 5.364970620304282
3874.5219412533193 2.045698439128802
3875.888083938378 5.927666233145351
3879.2133143856713 2.2344772719301473
3883.2010403164422 4.299827500793693
3884.4053493741008 3.493245581026294
3894.6185451881215 5.8480053443984525
3894.7208524068233 1.328649077784819
3895.6443275488714 5.970883700485813
3906.241140869548 3.4035480297869993
3907.313733932193 3.2705952162343666
3910.4683692308063 0.5092519413930597
3917.25280495167 3.4316690192691555
3923.8477182543215 5.349024511809066
3935.830038958191 3.4729923642192695
3939.4331475147333 5.457350832969753
3943.5915195573903 6.120321046754778
3946.7354268650015 1.979085800388071
3961.8521825213597 1.316760580066871
3963.39756544565 3.0738188324200024
3965.9416680694126 2.2703399935030157
3973.901668990601 6.386740443732936
3975.742181026045 2.4324047002908253
3986.4204503700066 4.354967456525261
3994.654176688322 1.1237810827352603
4006.9442185756875 1.5687874136915763
4007.7976828388037 1.794035148399205
4009.726283227165 5.212849805306168
4009.7980484760933 2.9474704232360796
4015.54746944117 8.386991419795256
4018.820507611457 6.334103926150792
4031.346897620237 4.763584960491384
4047.420808509803 2.0930886135278124
4055.4932119365985 6.274690822571255
4062.2851714635894 3.342484809156951
4062.8755438840144 1.7525121618255897
4063.530552282267 3.2014930068485286
4070.565427822156 8.534919023128152
4076.3160079646877 3.558899574672857
4087.2694621427004 5.652094183932022
4095.4036959017303 5.231515617053082
4098.893798200515 5.222708986528109
4106.255455347455 5.79156456590448
4112.440934552235 5.62587216125327
4116.657577440791 5.576345710597142
4123.878815179763 3.2386034987887773
4127.239968509353 2.934289906895914
4128.700722581508 2.535762479260019
4132.793023752654 3.8040879350830052
4135.671322004368 5.751196546180553
4138.05208676371 1.893870890170007
4142.450229310692 4.08287520207982
4169.794567204769 0.468198159786158
4171.019164069903 1.8403933329036486
4172.044470782028 0.539781896189542
4174.510185959177 2.9217690277249035
4178.377598055904 7.653274780465917
4180.38470389196 1.7910064864792934
4194.5119352737565 2.137878560353064
4196.933352524913 0.8533877542357444
4197.772152688299 1.4561706849870408
4207.921976147542 2.2153711751240297
4219.284362325614 3.8707281984922166
4222.801239935205 4.972814030951068
4238.885739754749 2.16226991989351
4241.174351565553 2.623247866369765
4241.565439853343 3.499280577892165
4242.443471616768 0.6326636963096407
4249.978990457309 3.0119052457007114
4253.812952232772 8.85305425737759
4261.090409868571 2.2324725795659033
4261.15313834553 4.986550788154797
4263.203361104327 4.529737636775591
4266.444610000878 0.1691680969900147
4267.9847174777215 2.9763289923722485
4269.270991580868 4.896913356282395
4272.1644723133495 5.916077127918858
4273.534147695555 2.0994081735824794
4276.665472479513 3.1112178092975946
4277.231294023104 6.180043548900513
4279.905136177241 2.0497256666240684
4285.478720736003 6.988435872564239
4290.374828521893 0.9449334695378699
4301.167904585714 4.663211611502575
4308.746931245232 9.933229148262164
4320.2249225974265 6.652852189806868
4322.740162885368 3.2263996838049622
4324.9383915003555 7.330555780152488
4325.188541027732 3.6733014395781973
4326.024898510673 8.836056547001697
4329.404961247569 5.117540396766079
4337.596868838168 2.857242223359039
4350.712883477319 6.599856313487619
4358.621367634649 7.29456798481513
4359.071886472002 2.5022432779821577
4367.433243366788 4.76579615920255
4371.926936276551 5.014659391799844
4382.69824257495 0.8866954638877609
4384.465968556057 3.486609554018761
4393.367611064256 3.7875041556256046
4397.227252866495 8.292930506609522
4407.987213540155 3.1207517795248716
4408.564257540246 2.930809398109516
4413.87404467655 0.8985206593251103
4414.290326122543 6.206748993468873
4415.4743200215635 5.3841385487625875
4421.124352588111 8.26148714926494
4424.196301664254 6.256227215665563
4434.648824876633 5.879834246835915
4435.801548250884 3.57418249376502
4438.490462421914 4.074000726062342
4439.3091551418565 3.469165429045413
4442.424011993962 2.718064639539085
4442.443586082313 1.7918815083146151
4444.560269860278 1.3115533099846017
4448.014790443231 0.8429166920555637
4448.997078708831 3.5661239552080737
4451.972620595768 3.7747130080547096
4452.720405161894 2.420718085811381
4455.754409569079 0.8574501844141839
4457.674027403781 4.780576197445739
4459.482721541492 1.5702361279632713
4461.307250625189 2.464667198768123
4464.368060126302 1.8323792434422823
4467.331622601828 4.037420466172839
4468.61206448103 1.496957064532104
4475.145521568749 2.518510378936903
4485.20443627352 1.3158419975198332
4485.219122860304 4.2950313261729445
4487.220915070371 3.548655154061442
4489.594864032585 0.9466928823944079
4497.8408441630045 8.712022416450944
4502.88021213512 4.2027927819698325
4503.263758874682 2.6362206131489523
4505.180634603827 9.460646553917403
4509.174768784599 5.610150487208472
4511.035938994075 5.072551425403537
4513.9010598907835 5.127749293921576
4522.98328480151 3.5717934693726154
4531.098708318026 3.8801303665425393
4535.632635867022 6.076338772115166
4536.298873332104 4.2716732598244
4540.559533999469 3.2398867719303803
4543.81588282964 1.1883398970381767
4553.1303365218055 4.910280722429922
4557.418842697513 5.989412903361819
4562.967690170491 1.3561751337025247
4564.1905923666 5.739016141165155
4568.806449281019 1.4348359663465138
4571.8374424874655 6.987368679389714
4575.5801590706305 4.249314915591187
4598.365804186842 1.2479248053682084
4598.9771434006 6.283714659902644
4605.953903536665 2.756616281700919
4616.745294182017 5.784272170793074
4619.896673856903 3.61941055971097
4621.056139413467 1.954642889442133
4631.693647434717 2.666321290909095
4633.948977662872 1.0948512105000434
4641.863375671821 5.826824577020382
4651.850852397534 4.764649525126356
4653.1270505464045 5.14528302235927
4656.881974660497 5.087912390981415
4658.807465611028 1.9170345129720936
4662.119382625909 6.269621493685081
4664.560118489983 4.312502718517083
4667.612705355772 3.0616468482545947
4671.666293467065 7.0937689549768965
4676.259615968334 4.771341005129639
4676.763159293504 0.23165610248596508
4679.768099211906 3.8631074935196748
4680.820220486093 2.48651732809797
4686.741143603693 3.79458322201243
4688.625938695775 7.336071345408793
4699.637484600514 2.5731987114741317
4719.7318052911 2.224836427891473
4721.086565769692 8.021643123813174
4732.918774396344 0.6607650035875092
4738.924163487805 6.916896119922127
4752.313874976391 4.772473061459696
4754.652066821748 3.2675492342979022
4759.104890597209 5.204820137259153
4763.714181229461 3.759511100113196
4782.533421553911 2.2910980611007172
4784.053787995915 1.8946476054319812
4792.538573030623 4.011091188942878
4795.835664014598 2.3493201809096425
4803.274340519234 4.589277179691847
4821.2808707837075 3.020890476142263
4823.403484976319 4.298596025961121
4827.818969618405 1.7469204752432974
4846.646212050434 6.723893855947341
4852.20169960434 5.062320192168105
4868.293386934033 4.003308368007694
4882.172342528632 1.201271226963273
4883.887598619684 3.317255449364386
4886.827519571782 5.028174553692552
4890.6335463573105 7.269695990521484
4895.506124080752 7.404444176126761
4901.816585604008 3.0217891778754384
4913.817335170933 4.765897882439442
4930.845119336141 4.776164297931035
4945.437403385003 1.9196123919285744
4945.625847823422 3.617995255025492
4954.934718092665 2.2894414379642343
4957.743017561538 3.957318247518313
4971.034108670168 5.617678292207138
4974.285544017542 8.329825075460686
4985.930721320375 5.009476240177292
4987.401143977069 1.1810139383673597
4996.190312226209 1.096117912736654
5003.912514323399 3.3171687245445853
5016.596371471167 4.3398397302909135
5034.7955056097435 3.856032979394577
5039.177456960952 5.089176844874084
5041.637040391287 2.4663475882566734
5042.88096787465 3.772683089871602
5048.693879926515 2.6660735099809814
5052.443514544667 8.00662415054401
5052.6536426875955 4.208125051556337
5053.342311893874 4.219262823970292
5057.818675703762 5.226190210390895
5057.982322557239 2.3871819341666107
5081.918196577368 2.0371992749438386
5099.319679026184 7.393986503727532
5103.004014498964 0.4209313511239461
5103.435842624916 5.137785336132863
5104.978733517483 3.345675600218395
5108.38886761617 3.518998536145377
5125.188226656176 8.788589023775895
5128.2709329293775 0.7756547017382441
5131.888713487934 2.444814621895074
5136.352805996466 2.2418748329514284
5146.271460866272 3.809346957421855
5169.596826424915 8.2545698782428
5183.546481709779 4.188374166561742
5195.627177747602 3.2703170453757973
5209.642555072882 7.023125955881541
5214.539844172345 3.673469784758432
5221.266587050463 1.7118856525389714
5228.704481452363 5.095099810284795
5228.935534095989 2.2449931554400826
5230.407433102011 2.9957497267880777
5245.627452071865 2.1496390643037144
5250.335407654471 4.945275392348286
5265.45313541913 2.8854235994118755
5269.65970525761 6.46086982589064
5285.647506093379 6.618456489001514
5292.029320227058 3.5863112697438893
5292.396659019979 4.917139908591048
5295.239372648123 2.1896102795249472
5295.687086640165 3.3895605587995066
5296.227763542849 6.239458088951098
5296.800840655903 6.505269341591732
5298.844301829348 3.3080704778827776
5299.0395221428735 8.20938389825439
5305.773852973395 4.85405191744536
5311.029367116052 8.72409559498793
5312.6871436817155 5.786777736938728
5314.562437030969 2.989217702130688
5315.337087950929 2.6906043118889764
5318.1780162531895 2.7488713425539038
5318.633085444274 7.033237682199805
5321.086096129993 5.977796313649526
5327.853095789659 6.055382347363268
5335.593486467994 5.292115271649976
5337.377240618647 4.893924351871591
5340.17641212253 2.6547434556383878
5351.072711567589 0.5125842958108265
5353.73621156803 4.229643304810308
5360.565905606828 3.8352825104024824
5361.703139195814 6.2506710568674855
5367.798696994926 2.7246434873716385
5369.174830845338 2.8731899630773547
5379.4902313549865 3.280348914990352
5379.813791042949 2.0723640372385104
5380.06102574934 7.228386839975223
5381.413529528652 8.675571884259552
5384.346842999413 2.88024450908363
5401.059300865525 6.42948715314582
5411.144915278479 1.2285766869818975
5413.719440297274 4.453412953746109
5415.533594433359 6.657883852147362
5425.790068423986 6.378022799249278
5429.600383545745 3.316112324763234
5430.3917197010705 1.3034250588582208
5439.702991618636 4.198838426174559
5446.775081417582 2.8857350894553613
5448.108979628134 4.818999235317738
5458.62418023136 1.909516230486292
5461.106077581729 2.2733678420866985
5471.934846098681 7.124464081243401
5478.598018279472 2.2280907716290552
5489.26354340249 5.134184638680444
5495.015583370876 2.8125797126500194
5533.850786339198 3.1385364428598796
5540.748964054878 3.185457090735553
5541.986040026494 2.862044021207292
5544.733221843946 1.6435434558034303
5547.893761265883 6.318603328792475
5559.094911259796 5.454613258922278
5561.815606854004 3.187856778271443
5567.894628287728 0.807041652208351
5571.542294384945 5.4338695717257215
5578.090953180072 5.030716811899099
5580.28533772638 5.170013482326491
5607.723828603701 5.884067671535019
5608.683575604646 0.7453324253119277
5608.7741972091635 3.0064363678201373
5610.6265534429 4.6118358406001265
5612.864557896947 3.481785985620335
5614.871861868017 7.019193654623913
5623.3366972471495 2.1546483725556884
5624.607247058887 2.6931249005216853
5624.904601508051 5.878502094032398
5625.921943614548 5.5326945552003295
5632.842110574909 3.1101491220009634
5640.489177067006 5.514919580784288
5643.001558168542 6.834237023435516
5644.617838437266 3.350399030685222
5671.156519999379 9.267678181006362
5672.072298889272 3.0704344952626466
5672.0924800583525 5.919355511226305
5682.423947778519 3.319857263917095
5685.1446898532095 2.470482390487467
5686.595084745516 3.4692408250168363
5688.375084883867 6.608410903574999
5693.890808325454 1.3189807408563514
5700.023223353469 2.102594159227809
5709.664925336332 6.602131170483268
5712.457447297115 7.758348039557397
5715.865468254388 7.856437715064553
5738.420349439768 5.672702483076731
5740.516033230954 7.6533831953421085
5747.778155458109 5.124013799374761
5750.038653066669 5.17201289363547
5750.093012023746 5.2771781922492
5750.332603367058 2.952797709097056
5765.944958248495 4.481743881432191
5767.618723068611 4.714987572458617
5772.541744568061 3.88226536567151
5776.588246054655 7.036957040059943
5787.643485332642 3.5206913865529206
5788.213448643874 5.797280285578104
5790.965337829746 1.6738222587575415
5791.111930986335 6.351189174510513
5800.215434829188 2.2645500717334732
5812.51189665207 1.1787629125185517
5819.6524405668515 4.559352302914449
5823.1450889997295 4.803522861270995
5825.611521273 3.1527758499793683
5826.788321812194 5.042432868863092
5831.622361749604 9.886842110091612
5835.956010502892 2.0300662967687577
5836.658175184936 1.4736371426812276
5840.83023600406 6.655793185551542
5841.307117945774 4.244175226232977
5841.309762020769 6.255956982676107
5843.101368800256 2.7763114993557156
5845.440432516629 3.3423614978634353
5846.197691547373 3.8398042914728916
5852.046061742942 4.620880839920314
5855.864076965549 5.072351077690933
5860.912706583504 2.6520863925356952
5861.641629719872 4.774054341734007
5862.386872019079 3.946343332445296
5872.763239447527 8.48219738181013
5888.19776317296 1.6981330987050025
5896.804419191797 5.048662642488079
5903.627968177662 0.9123328891575679
5915.707787988661 2.3822955719247183
5919.482329015952 0.9155342362271368
5919.628150597869 0.6995259158030886
5924.841011440365 1.799351019673285
5929.391414240712 2.05785877254794
5932.5155964365995 9.946482142820102
5934.584836513082 3.3353468011454632
5935.977741318101 3.3480433494904913
5938.623080997634 6.90840082186728
5941.213926968746 3.842912169043659
5941.867341911005 4.411913328131694
5947.79124274368 2.464960894437497
5964.938894160562 2.8531927830779233
5971.911395274434 2.5975606822742656
5999.973331623475 3.908303962748299
6011.234419122618 3.1469623433663667
6026.770239012029 1.5048430902703682
6029.569632414171 8.38298780722778
6032.318976701476 6.8838877034154695
6041.252013730288 2.8592943346158504
6051.2255704591125 6.403823220321819
6054.001160701988 2.3224171060526047
6064.005099655813 4.702896339837474
6067.113681505206 1.997597410843289
6071.999422592886 1.9784440598503243
6073.726484446748 3.381485994349949
6080.127904409005 6.604752174436889
6104.777380699337 5.272534415807596
6106.639985473913 2.422717779541333
6112.295730763043 3.596250258913956
6115.6501607609 5.456051301937445
6123.046180234806 1.813453922931045
6134.190387942529 2.224649057162381
6139.051519283716 5.693346102383619
6141.841384819 2.3314474001121046
6153.650717744382 7.528071529453972
6154.61744891105 7.545113009484913
6155.716888642319 4.851478659532218
6160.582254722805 3.0383368037160445
6162.872932041587 7.0583354574751285
6165.545461244809 9.924833813556747
6167.804747925219 7.331615336962206
6177.737769946323 3.5463021516457505
6189.6454064194 3.5989348337098694
6204.2095447260535 4.84378293588861
6207.82494949326 2.8665903974489204
6214.38985503966 2.2325186111872464
6216.173281386646 3.276121508395251
6217.006749064315 4.962893973729591
6219.982844322793 2.666846652202677
6220.112865153956 5.81565031896036
6226.926926884714 6.279854951725252
6229.022087555399 4.1690318330369
6229.431507189693 1.6192982480383742
6229.631237983436 5.919248899459874
6233.665464581385 4.040666380536259
6236.180357977852 1.760091751891718
6238.457175550991 3.077659192028469
6239.3577411666565 0.9762992554055692
6243.645543015489 4.16141435142332
6244.124824984474 5.171276801451523
6247.254814706778 0.6926867128724608
6247.598246364839 4.432611601956801
6249.144147017785 5.266223361043251
6253.445314483805 1.8676148900348466
6260.726560583748 5.863112676255408
6263.456467501331 3.802595693179009
6264.672965728697 3.1148347656413313
6266.256112648512 4.000211047849066
6270.092915651026 3.1097133287179357
6272.910790322499 7.45650447494771
6273.482887107977 2.734961573153276
6280.075919226983 4.921113727718357
6280.659739984125 3.1985288259975975
6281.979743805184 9.353785440638841
6293.017424207305 3.9209420576171867
6301.5343414627205 6.184135311043521
6304.400871669654 7.191426607305705
6305.053704501463 3.4697802936190643
6310.042384658371 1.072511970021759
6312.987421005581 2.7609175838841415
6313.230924056152 0.9004726209188327
6324.385439513483 1.1865958531784204
6332.450613659878 4.4702641384325785
6345.042894946929 1.6553663379707606
6347.9718988622535 4.155843547242939
6349.551089084004 3.846235358143248
6358.110530969853 0.8243931191841121
6358.235331620668 2.4157461788172325
6363.173584128498 9.397987058920107
6369.571828074104 5.151994731822798
6372.743520872791 4.498739387097605
6384.5603768726405 4.848846570231305
6391.532072208385 5.530611371587845
6391.777085820075 4.695946415821716
6391.830178093119 2.9859654989391826
6399.904078316915 1.192475842127272
6402.4479549306725 4.946950150200409
6403.143026566474 9.64994868969965
6406.453092274317 1.6814463400593247
6411.715186770878 2.1902997986998223
6418.688830978618 4.068193744898398
6425.623577731367 2.8198797827379685
6427.105198972889 4.431177216513202
6439.03201732903 1.7450987905023987
6442.74780907857 3.751339648612559
6443.167447746739 0.7813945476239622
6450.373889545985 4.985228405189064
6457.055262734479 10.770953385265347
6463.4246392716395 3.4498667366269165
6464.0333621891805 1.5712339681337932
6465.487293486914 0.7624307385334247
6468.460063865683 1.6584467791249187
6470.037561831597 0.9752660107648669
6478.450760492162 0.6156995965724726
6479.470736129981 0.839814047317791
6481.428468843481 3.0111053583529106
6484.633196663033 3.1044945758263927
6485.847796151218 7.235884447429852
6493.817438540576 4.717803313856022
6501.273888910228 3.365229279320329
6518.91221302931 2.25915848462145
6519.89283248917 7.218501616054395
6542.0308731767 5.957331525048092
6546.4945965579545 2.5586602537036516
6550.746904899636 5.668886580214925
6561.060424075072 9.08754919332121
6572.71555190526 3.3677085316330415
6574.8282864620105 1.6144162576377048
6575.739023541533 2.0967556193499775
6579.079773652837 3.725436537293487
6579.913649351413 5.550181129313814
6601.817391717158 6.186890997820933
6613.684723523769 3.8253743295805127
6620.016849057685 6.868394036907049
6628.222851613962 6.3953875431854
6634.9885370720485 5.041827885052856
6643.279590263698 1.0708905932574724
6643.578888166353 4.336616905948974
6647.5550957466585 2.3861613797158787
6647.593927080329 5.700151538480312
6655.3627443127525 5.201765088248609
6662.60096824388 3.0472507588653173
6662.92193393707 3.6439158337414144
6667.362144844839 2.404129290101556
6672.330371145665 8.604921121096645
6684.865036298214 5.58800033988296
6685.013612402905 3.241906297144556
6685.1163515679 2.8533409162903935
6685.3619911743845 7.5927437400670525
6690.0126153198935 2.3553401218917265
6691.3830490509445 0.6522751523043936
6699.449305130851 1.4928097849330944
6699.731120993334 2.3662959629798626
6706.011080241703 3.5614098379704036
6706.31099426672 3.221075073066163
6713.602812288342 6.067664218700326
6721.497567139952 5.992784800707952
6726.099100558291 4.304654893517428
6727.300645840004 6.187683754042939
6730.762131459353 2.6627110710302104
6735.330415450417 3.6444563733198967
6748.610817244498 0.7151803520709535
6754.153321457128 4.026317805398606
6756.032338266365 3.178857655258472
6756.05416954885 5.012993410013851
6758.276627806363 2.459303350507811
6758.661653197726 4.73629853815221
6761.66579822101 3.577902992395481
6767.774395124714 8.583299327322942
6767.831132470345 5.95894434120556
6769.371665670782 5.014128442106458
6773.923091436171 7.372469015196383
6780.883661766819 1.55854956788221
6782.538441308259 2.655624060065591
6786.874576961634 2.9868993862886972
6791.968380561491 3.6536041816565854
6795.63601886695 2.5888142241691368
6801.861608827579 2.4752374804858794
6815.628267323867 2.7209443712754795
6816.5733772967 3.6328244846459876
6816.6525333729005 2.0354321780264786
6822.9644440777065 6.829835856674881
6823.7884331194855 1.6783493596990735
6826.1217938835825 7.148184159881733
6840.226448289525 9.27541031964827
6850.15701382149 2.5677110456918415
6854.391480633465 3.658672804145851
6873.6075433505075 2.4627026730662775
6875.8324968000625 2.741334566897622
6889.811608426021 2.102470798586404
6894.519305647831 5.415475334132237
6897.686672326873 5.877539360436095
6898.333454911508 3.9822189428600163
6904.5758653046205 5.043573517152831
6913.942205155233 4.3546670000796395
6919.713495031203 4.184367689121576
6921.675929955899 2.0205177275010646
6922.404748851582 2.4318459292065775
6930.189431824388 5.461455100922097
6932.04847254274 6.402398211940996
6939.129587374498 4.718909405836932
6956.75990450061 5.9379159077202415
6958.035250749801 2.002465523907071
6959.259371834976 2.3955994759346355
6980.195439274986 2.7253887906624854
6982.672763926422 4.6583322687657205
6983.457102320469 1.7125158528697133
6984.1108652000985 4.331043557203561
6990.468479274088 3.961258374098868
6994.775808338289 3.8976591284275313
6997.721543028363 8.291783121252122
7006.6366365605445 6.200423378156733
7008.102373453237 4.231316498670118
7008.284474047632 4.589345155154919
7018.484351153146 1.1147702237933503
7022.725184043864 4.429225984241092
7037.773842002336 6.523136087716695
7045.448085348387 1.3529960055992958
7046.086880996997 5.505923299546574
7049.295285201697 3.5010164245544604
7053.67603828139 3.540626068369361
7060.1990986999845 3.4870806357211643
7060.466724551828 3.1665439803053514
7065.174953763916 0.9706151216618304
7065.471179153906 6.844020398297834
7085.929506881399 1.6196766011062043
7093.481877154758 3.0882850942334783
7095.2498865430125 9.692024396255674
7105.9125513994995 11.327864562873387
7106.364719615512 3.273659839786205
7107.791422527206 7.280109115177547
7126.262238989272 2.3893756983088212
7135.711911709122 1.2805911659719753
7137.50375829418 3.193138900530584
7141.158005324734 2.3389102856433936
7147.636320189162 6.181514403497387
7157.460858869663 8.011348716606934
7170.151899902653 4.5604558523291345
7174.883073080008 3.883712880113868
7177.144970921621 3.765930084999784
7182.016306195319 4.776697974207409
7186.080064231963 5.083224856369324
7186.737837850676 2.640940819715262
7191.747618640789 3.8936450641784637